date,Transformed ATransformed ABTransformed AEITransformed ALTOTransformed AFGB,CPIAUCSL,FEDFUNDS,UNRATE,GDPC1
1900-01-01,NA,NA,NA,NA,NA
1947-01-01,NA,21.48,NA,NA,2034.45
1947-02-01,NA,21.62,NA,NA,NA
1947-03-01,NA,22.0,NA,NA,NA
1947-04-01,NA,22.0,NA,NA,2029.024
1947-05-01,NA,21.95,NA,NA,NA
1947-06-01,NA,22.08,NA,NA,NA
1947-07-01,NA,22.23,NA,NA,2024.834
1947-08-01,NA,22.4,NA,NA,NA
1947-09-01,NA,22.84,NA,NA,NA
1947-10-01,NA,22.91,NA,NA,2056.508
1947-11-01,NA,23.06,NA,NA,NA
1947-12-01,NA,23.41,NA,NA,NA
1948-01-01,NA,23.68,NA,3.4,2087.442
1948-02-01,NA,23.67,NA,3.8,NA
1948-03-01,NA,23.5,NA,4.0,NA
1948-04-01,NA,23.82,NA,3.9,2121.899
1948-05-01,NA,24.01,NA,3.5,NA
1948-06-01,NA,24.15,NA,3.6,NA
1948-07-01,NA,24.4,NA,3.6,2134.056
1948-08-01,NA,24.43,NA,3.9,NA
1948-09-01,NA,24.36,NA,3.8,NA
1948-10-01,NA,24.31,NA,3.7,2136.44
1948-11-01,NA,24.16,NA,3.8,NA
1948-12-01,NA,24.05,NA,4.0,NA
1949-01-01,NA,24.01,NA,4.3,2107.001
1949-02-01,NA,23.91,NA,4.7,NA
1949-03-01,NA,23.91,NA,5.0,NA
1949-04-01,NA,23.92,NA,5.3,2099.814
1949-05-01,NA,23.91,NA,6.1,NA
1949-06-01,NA,23.92,NA,6.2,NA
1949-07-01,NA,23.7,NA,6.7,2121.493
1949-08-01,NA,23.7,NA,6.8,NA
1949-09-01,NA,23.75,NA,6.6,NA
1949-10-01,NA,23.67,NA,7.9,2103.688
1949-11-01,NA,23.7,NA,6.4,NA
1949-12-01,NA,23.61,NA,6.6,NA
1950-01-01,NA,23.51,NA,6.5,2186.365
1950-02-01,NA,23.61,NA,6.4,NA
1950-03-01,NA,23.64,NA,6.3,NA
1950-04-01,NA,23.65,NA,5.8,2253.045
1950-05-01,NA,23.77,NA,5.5,NA
1950-06-01,NA,23.88,NA,5.4,NA
1950-07-01,NA,24.07,NA,5.0,2340.112
1950-08-01,NA,24.2,NA,4.5,NA
1950-09-01,NA,24.34,NA,4.4,NA
1950-10-01,NA,24.5,NA,4.2,2384.92
1950-11-01,NA,24.6,NA,4.2,NA
1950-12-01,NA,24.98,NA,4.3,NA
1951-01-01,NA,25.38,NA,3.7,2417.311
1951-02-01,NA,25.83,NA,3.4,NA
1951-03-01,NA,25.88,NA,3.4,NA
1951-04-01,NA,25.92,NA,3.1,2459.196
1951-05-01,NA,25.99,NA,3.0,NA
1951-06-01,NA,25.93,NA,3.2,NA
1951-07-01,NA,25.91,NA,3.1,2509.88
1951-08-01,NA,25.86,NA,3.1,NA
1951-09-01,NA,26.03,NA,3.3,NA
1951-10-01,NA,26.16,NA,3.5,2515.408
1951-11-01,NA,26.32,NA,3.5,NA
1951-12-01,NA,26.47,NA,3.1,NA
1952-01-01,NA,26.45,NA,3.2,2542.286
1952-02-01,NA,26.41,NA,3.1,NA
1952-03-01,NA,26.39,NA,2.9,NA
1952-04-01,NA,26.46,NA,2.9,2547.762
1952-05-01,NA,26.47,NA,3.0,NA
1952-06-01,NA,26.53,NA,3.0,NA
1952-07-01,NA,26.68,NA,3.2,2566.153
1952-08-01,NA,26.69,NA,3.4,NA
1952-09-01,NA,26.63,NA,3.1,NA
1952-10-01,NA,26.69,NA,3.0,2650.431
1952-11-01,NA,26.69,NA,2.8,NA
1952-12-01,NA,26.71,NA,2.7,NA
1953-01-01,NA,26.64,NA,2.9,2699.699
1953-02-01,NA,26.59,NA,2.6,NA
1953-03-01,NA,26.63,NA,2.6,NA
1953-04-01,NA,26.69,NA,2.7,2720.566
1953-05-01,NA,26.7,NA,2.5,NA
1953-06-01,NA,26.77,NA,2.5,NA
1953-07-01,NA,26.79,NA,2.6,2705.258
1953-08-01,NA,26.85,NA,2.7,NA
1953-09-01,NA,26.89,NA,2.9,NA
1953-10-01,NA,26.95,NA,3.1,2664.302
1953-11-01,NA,26.85,NA,3.5,NA
1953-12-01,NA,26.87,NA,4.5,NA
1954-01-01,NA,26.94,NA,4.9,2651.566
1954-02-01,NA,26.99,NA,5.2,NA
1954-03-01,NA,26.93,NA,5.7,NA
1954-04-01,NA,26.86,NA,5.9,2654.456
1954-05-01,NA,26.93,NA,5.9,NA
1954-06-01,NA,26.94,NA,5.6,NA
1954-07-01,NA,26.86,0.8,5.8,2684.434
1954-08-01,NA,26.85,1.22,6.0,NA
1954-09-01,NA,26.81,1.07,6.1,NA
1954-10-01,NA,26.72,0.85,5.7,2736.96
1954-11-01,NA,26.78,0.83,5.3,NA
1954-12-01,NA,26.77,1.28,5.0,NA
1955-01-01,NA,26.77,1.39,4.9,2815.134
1955-02-01,NA,26.82,1.29,4.7,NA
1955-03-01,NA,26.79,1.35,4.6,NA
1955-04-01,NA,26.79,1.43,4.7,2860.942
1955-05-01,NA,26.77,1.43,4.3,NA
1955-06-01,NA,26.71,1.64,4.2,NA
1955-07-01,NA,26.76,1.68,4.0,2899.578
1955-08-01,NA,26.72,1.96,4.2,NA
1955-09-01,NA,26.85,2.18,4.1,NA
1955-10-01,NA,26.82,2.24,4.3,2916.985
1955-11-01,NA,26.88,2.35,4.2,NA
1955-12-01,NA,26.87,2.48,4.2,NA
1956-01-01,NA,26.83,2.45,4.0,2905.656
1956-02-01,NA,26.86,2.5,3.9,NA
1956-03-01,NA,26.89,2.5,4.2,NA
1956-04-01,NA,26.93,2.62,4.0,2929.666
1956-05-01,NA,27.03,2.75,4.3,NA
1956-06-01,NA,27.15,2.71,4.3,NA
1956-07-01,NA,27.29,2.75,4.4,2927.034
1956-08-01,NA,27.31,2.73,4.1,NA
1956-09-01,NA,27.35,2.95,3.9,NA
1956-10-01,NA,27.51,2.96,3.9,2975.209
1956-11-01,NA,27.51,2.88,4.3,NA
1956-12-01,NA,27.63,2.94,4.2,NA
1957-01-01,NA,27.67,2.84,4.2,2994.259
1957-02-01,NA,27.8,3.0,3.9,NA
1957-03-01,NA,27.86,2.96,3.7,NA
1957-04-01,NA,27.93,3.0,3.9,2987.699
1957-05-01,NA,28.0,3.0,4.1,NA
1957-06-01,NA,28.11,3.0,4.3,NA
1957-07-01,NA,28.19,2.99,4.2,3016.979
1957-08-01,NA,28.28,3.24,4.1,NA
1957-09-01,NA,28.32,3.47,4.4,NA
1957-10-01,NA,28.32,3.5,4.5,2985.775
1957-11-01,NA,28.41,3.28,5.1,NA
1957-12-01,NA,28.47,2.98,5.2,NA
1958-01-01,NA,28.64,2.72,5.8,2908.281
1958-02-01,NA,28.7,1.67,6.4,NA
1958-03-01,NA,28.87,1.2,6.7,NA
1958-04-01,NA,28.94,1.26,7.4,2927.395
1958-05-01,NA,28.94,0.63,7.4,NA
1958-06-01,NA,28.91,0.93,7.3,NA
1958-07-01,NA,28.89,0.68,7.5,2995.112
1958-08-01,NA,28.94,1.53,7.4,NA
1958-09-01,NA,28.91,1.76,7.1,NA
1958-10-01,NA,28.91,1.8,6.7,3065.141
1958-11-01,NA,28.95,2.27,6.2,NA
1958-12-01,NA,28.97,2.42,6.2,NA
1959-01-01,NA,29.01,2.48,6.0,3123.978
1959-02-01,NA,29.0,2.43,5.9,NA
1959-03-01,NA,28.97,2.8,5.6,NA
1959-04-01,NA,28.98,2.96,5.2,3194.429
1959-05-01,NA,29.04,2.9,5.1,NA
1959-06-01,NA,29.11,3.39,5.0,NA
1959-07-01,NA,29.15,3.47,5.1,3196.683
1959-08-01,NA,29.18,3.5,5.2,NA
1959-09-01,NA,29.25,3.76,5.5,NA
1959-10-01,NA,29.35,3.98,5.7,3205.79
1959-11-01,NA,29.35,4.0,5.8,NA
1959-12-01,NA,29.41,3.99,5.3,NA
1960-01-01,NA,29.37,3.99,5.2,3277.847
1960-02-01,NA,29.41,3.97,4.8,NA
1960-03-01,NA,29.41,3.84,5.4,NA
1960-04-01,NA,29.54,3.92,5.2,3260.177
1960-05-01,NA,29.57,3.85,5.1,NA
1960-06-01,NA,29.61,3.32,5.4,NA
1960-07-01,NA,29.55,3.23,5.5,3276.133
1960-08-01,NA,29.61,2.98,5.6,NA
1960-09-01,NA,29.61,2.6,5.5,NA
1960-10-01,NA,29.75,2.47,6.1,3234.087
1960-11-01,NA,29.78,2.44,6.1,NA
1960-12-01,NA,29.81,1.98,6.6,NA
1961-01-01,NA,29.84,1.45,6.6,3255.914
1961-02-01,NA,29.84,2.54,6.9,NA
1961-03-01,NA,29.84,2.02,6.9,NA
1961-04-01,NA,29.81,1.49,7.0,3311.181
1961-05-01,NA,29.84,1.98,7.1,NA
1961-06-01,NA,29.84,1.73,6.9,NA
1961-07-01,NA,29.92,1.17,7.0,3374.742
1961-08-01,NA,29.94,2.0,6.6,NA
1961-09-01,NA,29.98,1.88,6.7,NA
1961-10-01,NA,29.98,2.26,6.5,3440.924
1961-11-01,NA,29.98,2.61,6.1,NA
1961-12-01,NA,30.01,2.33,6.0,NA
1962-01-01,NA,30.04,2.15,5.8,3502.298
1962-02-01,NA,30.11,2.37,5.5,NA
1962-03-01,NA,30.17,2.85,5.6,NA
1962-04-01,NA,30.21,2.78,5.6,3533.947
1962-05-01,NA,30.24,2.36,5.5,NA
1962-06-01,NA,30.21,2.68,5.5,NA
1962-07-01,NA,30.22,2.71,5.4,3577.362
1962-08-01,NA,30.28,2.93,5.7,NA
1962-09-01,NA,30.42,2.9,5.6,NA
1962-10-01,NA,30.38,2.9,5.4,3589.128
1962-11-01,NA,30.38,2.94,5.7,NA
1962-12-01,NA,30.38,2.93,5.5,NA
1963-01-01,NA,30.44,2.92,5.7,3628.306
1963-02-01,NA,30.48,3.0,5.9,NA
1963-03-01,NA,30.51,2.98,5.7,NA
1963-04-01,NA,30.48,2.9,5.7,3669.02
1963-05-01,NA,30.51,3.0,5.9,NA
1963-06-01,NA,30.61,2.99,5.6,NA
1963-07-01,NA,30.69,3.02,5.6,3749.681
1963-08-01,NA,30.75,3.49,5.4,NA
1963-09-01,NA,30.72,3.48,5.5,NA
1963-10-01,NA,30.75,3.5,5.5,3774.264
1963-11-01,NA,30.78,3.48,5.7,NA
1963-12-01,NA,30.88,3.38,5.5,NA
1964-01-01,NA,30.94,3.48,5.6,3853.835
1964-02-01,NA,30.91,3.48,5.4,NA
1964-03-01,NA,30.94,3.43,5.4,NA
1964-04-01,NA,30.95,3.47,5.3,3895.793
1964-05-01,NA,30.98,3.5,5.1,NA
1964-06-01,NA,31.01,3.5,5.2,NA
1964-07-01,NA,31.02,3.42,4.9,3956.657
1964-08-01,NA,31.05,3.5,5.0,NA
1964-09-01,NA,31.08,3.45,5.1,NA
1964-10-01,NA,31.12,3.36,5.1,3968.878
1964-11-01,NA,31.21,3.52,4.8,NA
1964-12-01,NA,31.25,3.85,5.0,NA
1965-01-01,NA,31.28,3.9,4.9,4064.915
1965-02-01,NA,31.28,3.98,5.1,NA
1965-03-01,NA,31.31,4.05,4.7,NA
1965-04-01,NA,31.38,4.09,4.8,4116.267
1965-05-01,NA,31.48,4.1,4.6,NA
1965-06-01,NA,31.61,4.05,4.6,NA
1965-07-01,NA,31.58,4.09,4.4,4207.782
1965-08-01,NA,31.55,4.12,4.4,NA
1965-09-01,NA,31.62,4.02,4.3,NA
1965-10-01,NA,31.65,4.08,4.2,4304.731
1965-11-01,NA,31.75,4.1,4.1,NA
1965-12-01,NA,31.85,4.32,4.0,NA
1966-01-01,NA,31.88,4.42,4.0,4409.518
1966-02-01,NA,32.08,4.6,3.8,NA
1966-03-01,NA,32.18,4.66,3.8,NA
1966-04-01,NA,32.28,4.67,3.8,4424.581
1966-05-01,NA,32.35,4.9,3.9,NA
1966-06-01,NA,32.38,5.17,3.8,NA
1966-07-01,NA,32.45,5.3,3.8,4462.053
1966-08-01,NA,32.65,5.53,3.8,NA
1966-09-01,NA,32.75,5.4,3.7,NA
1966-10-01,NA,32.85,5.53,3.7,4498.66
1966-11-01,NA,32.88,5.76,3.6,NA
1966-12-01,NA,32.92,5.4,3.8,NA
1967-01-01,NA,32.9,4.94,3.9,4538.498
1967-02-01,NA,33.0,5.0,3.8,NA
1967-03-01,NA,33.0,4.53,3.8,NA
1967-04-01,NA,33.1,4.05,3.8,4541.28
1967-05-01,NA,33.1,3.94,3.8,NA
1967-06-01,NA,33.3,3.98,3.9,NA
1967-07-01,NA,33.4,3.79,3.8,4584.246
1967-08-01,NA,33.5,3.9,3.8,NA
1967-09-01,NA,33.6,3.99,3.8,NA
1967-10-01,NA,33.7,3.88,4.0,4618.812
1967-11-01,NA,33.9,4.13,3.9,NA
1967-12-01,NA,34.0,4.51,3.8,NA
1968-01-01,NA,34.1,4.61,3.7,4713.013
1968-02-01,NA,34.2,4.71,3.8,NA
1968-03-01,NA,34.3,5.05,3.7,NA
1968-04-01,NA,34.4,5.76,3.5,4791.758
1968-05-01,NA,34.5,6.12,3.5,NA
1968-06-01,NA,34.7,6.07,3.7,NA
1968-07-01,NA,34.9,6.03,3.7,4828.892
1968-08-01,NA,35.0,6.03,3.5,NA
1968-09-01,NA,35.1,5.78,3.4,NA
1968-10-01,NA,35.3,5.91,3.4,4847.885
1968-11-01,NA,35.4,5.82,3.4,NA
1968-12-01,NA,35.6,6.02,3.4,NA
1969-01-01,NA,35.7,6.3,3.4,4923.76
1969-02-01,NA,35.8,6.61,3.4,NA
1969-03-01,NA,36.1,6.79,3.4,NA
1969-04-01,NA,36.3,7.41,3.4,4938.728
1969-05-01,NA,36.4,8.67,3.4,NA
1969-06-01,NA,36.6,8.9,3.5,NA
1969-07-01,NA,36.8,8.61,3.5,4971.349
1969-08-01,NA,36.9,9.19,3.5,NA
1969-09-01,NA,37.1,9.15,3.7,NA
1969-10-01,NA,37.3,9.0,3.7,4947.104
1969-11-01,NA,37.5,8.85,3.5,NA
1969-12-01,NA,37.7,8.97,3.5,NA
1970-01-01,NA,37.9,8.98,3.9,4939.759
1970-02-01,NA,38.1,8.98,4.2,NA
1970-03-01,NA,38.3,7.76,4.4,NA
1970-04-01,NA,38.5,8.1,4.6,4946.77
1970-05-01,NA,38.6,7.95,4.8,NA
1970-06-01,NA,38.8,7.61,4.9,NA
1970-07-01,NA,38.9,7.21,5.0,4992.357
1970-08-01,NA,39.0,6.62,5.1,NA
1970-09-01,NA,39.2,6.29,5.4,NA
1970-10-01,NA,39.4,6.2,5.5,4938.857
1970-11-01,NA,39.6,5.6,5.9,NA
1970-12-01,NA,39.8,4.9,6.1,NA
1971-01-01,NA,39.9,4.14,5.9,5072.996
1971-02-01,NA,39.9,3.72,5.9,NA
1971-03-01,NA,40.0,3.71,6.0,NA
1971-04-01,NA,40.1,4.16,5.9,5100.447
1971-05-01,NA,40.3,4.63,5.9,NA
1971-06-01,NA,40.5,4.91,5.9,NA
1971-07-01,NA,40.6,5.31,6.0,5142.422
1971-08-01,NA,40.7,5.57,6.1,NA
1971-09-01,NA,40.8,5.55,6.0,NA
1971-10-01,NA,40.9,5.2,5.8,5154.547
1971-11-01,NA,41.0,4.91,6.0,NA
1971-12-01,NA,41.1,4.14,6.0,NA
1972-01-01,NA,41.2,3.51,5.8,5249.337
1972-02-01,NA,41.4,3.3,5.7,NA
1972-03-01,NA,41.4,3.83,5.8,NA
1972-04-01,NA,41.5,4.17,5.7,5368.485
1972-05-01,NA,41.6,4.27,5.7,NA
1972-06-01,NA,41.7,4.46,5.7,NA
1972-07-01,NA,41.8,4.55,5.6,5419.184
1972-08-01,NA,41.9,4.81,5.6,NA
1972-09-01,NA,42.1,4.87,5.5,NA
1972-10-01,NA,42.2,5.05,5.6,5509.926
1972-11-01,NA,42.4,5.06,5.3,NA
1972-12-01,NA,42.5,5.33,5.2,NA
1973-01-01,NA,42.7,5.94,4.9,5646.286
1973-02-01,NA,43.0,6.58,5.0,NA
1973-03-01,NA,43.4,7.09,4.9,NA
1973-04-01,NA,43.7,7.12,5.0,5707.755
1973-05-01,NA,43.9,7.84,4.9,NA
1973-06-01,NA,44.2,8.49,4.9,NA
1973-07-01,NA,44.2,10.4,4.8,5677.738
1973-08-01,NA,45.0,10.5,4.8,NA
1973-09-01,NA,45.2,10.78,4.8,NA
1973-10-01,NA,45.6,10.01,4.6,5731.632
1973-11-01,NA,45.9,10.03,4.8,NA
1973-12-01,NA,46.3,9.95,4.9,NA
1974-01-01,NA,46.8,9.65,5.1,5682.353
1974-02-01,NA,47.3,8.97,5.2,NA
1974-03-01,NA,47.8,9.35,5.1,NA
1974-04-01,NA,48.1,10.51,5.1,5695.859
1974-05-01,NA,48.6,11.31,5.1,NA
1974-06-01,NA,49.0,11.93,5.4,NA
1974-07-01,NA,49.3,12.92,5.5,5642.025
1974-08-01,NA,49.9,12.01,5.5,NA
1974-09-01,NA,50.6,11.34,5.9,NA
1974-10-01,NA,51.0,10.06,6.0,5620.126
1974-11-01,NA,51.5,9.45,6.6,NA
1974-12-01,NA,51.9,8.53,7.2,NA
1975-01-01,NA,52.3,7.13,8.1,5551.713
1975-02-01,NA,52.6,6.24,8.1,NA
1975-03-01,NA,52.8,5.54,8.6,NA
1975-04-01,NA,53.0,5.49,8.8,5591.382
1975-05-01,NA,53.1,5.22,9.0,NA
1975-06-01,NA,53.5,5.55,8.8,NA
1975-07-01,NA,54.0,6.1,8.6,5687.087
1975-08-01,NA,54.2,6.14,8.4,NA
1975-09-01,NA,54.6,6.24,8.4,NA
1975-10-01,NA,54.9,5.82,8.4,5763.665
1975-11-01,NA,55.3,5.22,8.3,NA
1975-12-01,NA,55.6,5.2,8.2,NA
1976-01-01,NA,55.8,4.87,7.9,5893.276
1976-02-01,NA,55.9,4.77,7.7,NA
1976-03-01,NA,56.0,4.84,7.6,NA
1976-04-01,NA,56.1,4.82,7.7,5936.515
1976-05-01,NA,56.4,5.29,7.4,NA
1976-06-01,NA,56.7,5.48,7.6,NA
1976-07-01,NA,57.0,5.31,7.8,5969.089
1976-08-01,NA,57.3,5.29,7.8,NA
1976-09-01,NA,57.6,5.25,7.6,NA
1976-10-01,NA,57.9,5.02,7.7,6012.356
1976-11-01,NA,58.1,4.95,7.8,NA
1976-12-01,NA,58.4,4.65,7.8,NA
1977-01-01,NA,58.7,4.61,7.5,6083.391
1977-02-01,NA,59.3,4.68,7.6,NA
1977-03-01,NA,59.6,4.69,7.4,NA
1977-04-01,NA,60.0,4.73,7.2,6201.659
1977-05-01,NA,60.2,5.35,7.0,NA
1977-06-01,NA,60.5,5.39,7.2,NA
1977-07-01,NA,60.8,5.42,6.9,6313.559
1977-08-01,NA,61.1,5.9,7.0,NA
1977-09-01,NA,61.3,6.14,6.8,NA
1977-10-01,NA,61.6,6.47,6.8,6313.697
1977-11-01,NA,62.0,6.51,6.8,NA
1977-12-01,NA,62.3,6.56,6.4,NA
1978-01-01,NA,62.7,6.7,6.4,6333.848
1978-02-01,NA,63.0,6.78,6.3,NA
1978-03-01,NA,63.4,6.79,6.3,NA
1978-04-01,NA,63.9,6.89,6.1,6578.605
1978-05-01,NA,64.5,7.36,6.0,NA
1978-06-01,NA,65.0,7.6,5.9,NA
1978-07-01,NA,65.5,7.81,6.2,6644.754
1978-08-01,NA,65.9,8.04,5.9,NA
1978-09-01,NA,66.5,8.45,6.0,NA
1978-10-01,NA,67.1,8.96,5.8,6734.069
1978-11-01,NA,67.5,9.76,5.9,NA
1978-12-01,NA,67.9,10.03,6.0,NA
1979-01-01,NA,68.5,10.07,5.9,6746.176
1979-02-01,NA,69.2,10.06,5.9,NA
1979-03-01,NA,69.9,10.09,5.8,NA
1979-04-01,NA,70.6,10.01,5.8,6753.389
1979-05-01,NA,71.4,10.24,5.6,NA
1979-06-01,NA,72.2,10.29,5.7,NA
1979-07-01,NA,73.0,10.47,5.7,6803.558
1979-08-01,NA,73.7,10.94,6.0,NA
1979-09-01,NA,74.4,11.43,5.9,NA
1979-10-01,NA,75.2,13.77,6.0,6820.572
1979-11-01,NA,76.0,13.18,5.9,NA
1979-12-01,NA,76.9,13.78,6.0,NA
1980-01-01,NA,78.0,13.82,6.3,6842.024
1980-02-01,NA,79.0,14.13,6.3,NA
1980-03-01,NA,80.1,17.19,6.3,NA
1980-04-01,NA,80.9,17.61,6.9,6701.046
1980-05-01,NA,81.7,10.98,7.5,NA
1980-06-01,NA,82.5,9.47,7.6,NA
1980-07-01,NA,82.6,9.03,7.8,6693.082
1980-08-01,NA,83.2,9.61,7.7,NA
1980-09-01,NA,83.9,10.87,7.5,NA
1980-10-01,NA,84.7,12.81,7.5,6817.903
1980-11-01,NA,85.6,15.85,7.5,NA
1980-12-01,NA,86.4,18.9,7.2,NA
1981-01-01,NA,87.2,19.08,7.5,6951.495
1981-02-01,NA,88.0,15.93,7.4,NA
1981-03-01,NA,88.6,14.7,7.4,NA
1981-04-01,NA,89.1,15.72,7.2,6899.98
1981-05-01,NA,89.7,18.52,7.5,NA
1981-06-01,NA,90.5,19.1,7.5,NA
1981-07-01,NA,91.5,19.04,7.2,6982.609
1981-08-01,NA,92.2,17.82,7.4,NA
1981-09-01,NA,93.1,15.87,7.6,NA
1981-10-01,NA,93.4,15.08,7.9,6906.529
1981-11-01,NA,93.8,13.31,8.3,NA
1981-12-01,NA,94.1,12.37,8.5,NA
1982-01-01,NA,94.4,13.22,8.6,6799.233
1982-02-01,NA,94.7,14.78,8.9,NA
1982-03-01,NA,94.7,14.68,9.0,NA
1982-04-01,NA,95.0,14.94,9.3,6830.251
1982-05-01,NA,95.9,14.45,9.4,NA
1982-06-01,NA,97.0,14.15,9.6,NA
1982-07-01,NA,97.5,12.59,9.8,6804.139
1982-08-01,NA,97.7,10.12,9.8,NA
1982-09-01,NA,97.7,10.31,10.1,NA
1982-10-01,NA,98.1,9.71,10.4,6806.857
1982-11-01,NA,98.0,9.2,10.8,NA
1982-12-01,NA,97.7,8.95,10.8,NA
1983-01-01,NA,97.9,8.68,10.4,6896.561
1983-02-01,NA,98.0,8.51,10.4,NA
1983-03-01,NA,98.1,8.77,10.3,NA
1983-04-01,NA,98.8,8.8,10.2,7053.5
1983-05-01,NA,99.2,8.63,10.1,NA
1983-06-01,NA,99.4,8.98,10.1,NA
1983-07-01,NA,99.8,9.37,9.4,7194.504
1983-08-01,NA,100.1,9.56,9.5,NA
1983-09-01,NA,100.4,9.45,9.2,NA
1983-10-01,NA,100.8,9.48,8.8,7344.597
1983-11-01,NA,101.1,9.34,8.5,NA
1983-12-01,NA,101.4,9.47,8.3,NA
1984-01-01,NA,102.1,9.56,8.0,7488.167
1984-02-01,NA,102.6,9.59,7.8,NA
1984-03-01,NA,102.9,9.91,7.8,NA
1984-04-01,NA,103.3,10.29,7.7,7617.547
1984-05-01,NA,103.5,10.32,7.4,NA
1984-06-01,NA,103.7,11.06,7.2,NA
1984-07-01,NA,104.1,11.23,7.5,7690.985
1984-08-01,NA,104.4,11.64,7.5,NA
1984-09-01,NA,104.7,11.3,7.3,NA
1984-10-01,NA,105.1,9.99,7.4,7754.117
1984-11-01,NA,105.3,9.43,7.2,NA
1984-12-01,NA,105.5,8.38,7.3,NA
1985-01-01,NA,105.7,8.35,7.3,7829.26
1985-02-01,NA,106.3,8.5,7.2,NA
1985-03-01,NA,106.8,8.58,7.2,NA
1985-04-01,NA,107.0,8.27,7.3,7898.194
1985-05-01,NA,107.2,7.97,7.2,NA
1985-06-01,NA,107.5,7.53,7.4,NA
1985-07-01,NA,107.7,7.88,7.4,8018.809
1985-08-01,NA,107.9,7.9,7.1,NA
1985-09-01,NA,108.1,7.92,7.1,NA
1985-10-01,NA,108.5,7.99,7.1,8078.415
1985-11-01,NA,109.0,8.05,7.0,NA
1985-12-01,NA,109.5,8.27,7.0,NA
1986-01-01,NA,109.9,8.14,6.7,8153.829
1986-02-01,NA,109.7,7.86,7.2,NA
1986-03-01,NA,109.1,7.48,7.2,NA
1986-04-01,NA,108.7,6.99,7.1,8190.552
1986-05-01,NA,109.0,6.85,7.2,NA
1986-06-01,NA,109.4,6.92,7.2,NA
1986-07-01,NA,109.5,6.56,7.0,8268.935
1986-08-01,NA,109.6,6.17,6.9,NA
1986-09-01,NA,110.0,5.89,7.0,NA
1986-10-01,NA,110.2,5.85,7.0,8313.338
1986-11-01,NA,110.4,6.04,6.9,NA
1986-12-01,NA,110.8,6.91,6.6,NA
1987-01-01,NA,111.4,6.43,6.6,8375.274
1987-02-01,NA,111.8,6.1,6.6,NA
1987-03-01,NA,112.2,6.13,6.6,NA
1987-04-01,NA,112.7,6.37,6.3,8465.63
1987-05-01,NA,113.0,6.85,6.3,NA
1987-06-01,NA,113.5,6.73,6.2,NA
1987-07-01,NA,113.8,6.58,6.1,8539.075
1987-08-01,NA,114.3,6.73,6.0,NA
1987-09-01,NA,114.7,7.22,5.9,NA
1987-10-01,NA,115.0,7.29,6.0,8685.694
1987-11-01,NA,115.4,6.69,5.8,NA
1987-12-01,NA,115.6,6.77,5.7,NA
1988-01-01,NA,116.0,6.83,5.7,8730.569
1988-02-01,NA,116.2,6.58,5.7,NA
1988-03-01,NA,116.5,6.58,5.7,NA
1988-04-01,NA,117.2,6.87,5.4,8845.28
1988-05-01,NA,117.5,7.09,5.6,NA
1988-06-01,NA,118.0,7.51,5.4,NA
1988-07-01,NA,118.5,7.75,5.4,8897.107
1988-08-01,NA,119.0,8.01,5.6,NA
1988-09-01,NA,119.5,8.19,5.4,NA
1988-10-01,NA,119.9,8.3,5.4,9015.661
1988-11-01,NA,120.3,8.35,5.3,NA
1988-12-01,NA,120.7,8.76,5.3,NA
1989-01-01,NA,121.2,9.12,5.4,9107.314
1989-02-01,NA,121.6,9.36,5.2,NA
1989-03-01,NA,122.2,9.85,5.0,NA
1989-04-01,NA,123.1,9.84,5.2,9176.827
1989-05-01,NA,123.7,9.81,5.2,NA
1989-06-01,NA,124.1,9.53,5.3,NA
1989-07-01,NA,124.5,9.24,5.2,9244.816
1989-08-01,NA,124.5,8.99,5.2,NA
1989-09-01,NA,124.8,9.02,5.3,NA
1989-10-01,NA,125.4,8.84,5.3,9263.033
1989-11-01,NA,125.9,8.55,5.4,NA
1989-12-01,NA,126.3,8.45,5.4,NA
1990-01-01,NA,127.5,8.23,5.4,9364.259
1990-02-01,NA,128.0,8.24,5.3,NA
1990-03-01,NA,128.6,8.28,5.2,NA
1990-04-01,NA,128.9,8.26,5.4,9398.243
1990-05-01,NA,129.1,8.18,5.4,NA
1990-06-01,NA,129.9,8.29,5.2,NA
1990-07-01,NA,130.5,8.15,5.5,9404.494
1990-08-01,NA,131.6,8.13,5.7,NA
1990-09-01,NA,132.5,8.2,5.9,NA
1990-10-01,NA,133.4,8.11,5.9,9318.876
1990-11-01,NA,133.7,7.81,6.2,NA
1990-12-01,NA,134.2,7.31,6.3,NA
1991-01-01,NA,134.7,6.91,6.4,9275.276
1991-02-01,NA,134.8,6.25,6.6,NA
1991-03-01,NA,134.8,6.12,6.8,NA
1991-04-01,NA,135.1,5.91,6.7,9347.597
1991-05-01,NA,135.6,5.78,6.9,NA
1991-06-01,NA,136.0,5.9,6.9,NA
1991-07-01,NA,136.2,5.82,6.8,9394.834
1991-08-01,NA,136.6,5.66,6.9,NA
1991-09-01,NA,137.0,5.45,6.9,NA
1991-10-01,NA,137.2,5.21,7.0,9427.581
1991-11-01,NA,137.8,4.81,7.0,NA
1991-12-01,NA,138.2,4.43,7.3,NA
1992-01-01,NA,138.3,4.03,7.3,9540.444
1992-02-01,NA,138.6,4.06,7.4,NA
1992-03-01,NA,139.1,3.98,7.4,NA
1992-04-01,NA,139.4,3.73,7.4,9643.893
1992-05-01,NA,139.7,3.82,7.6,NA
1992-06-01,NA,140.1,3.76,7.8,NA
1992-07-01,NA,140.5,3.25,7.7,9739.185
1992-08-01,NA,140.8,3.3,7.6,NA
1992-09-01,NA,141.1,3.22,7.6,NA
1992-10-01,NA,141.7,3.1,7.3,9840.753
1992-11-01,NA,142.1,3.09,7.4,NA
1992-12-01,NA,142.3,2.92,7.4,NA
1993-01-01,NA,142.8,3.02,7.3,9857.185
1993-02-01,NA,143.1,3.03,7.1,NA
1993-03-01,NA,143.3,3.07,7.0,NA
1993-04-01,NA,143.8,2.96,7.1,9914.565
1993-05-01,NA,144.2,3.0,7.1,NA
1993-06-01,NA,144.3,3.04,7.0,NA
1993-07-01,NA,144.5,3.06,6.9,9961.873
1993-08-01,NA,144.8,3.03,6.8,NA
1993-09-01,NA,145.0,3.09,6.7,NA
1993-10-01,NA,145.6,2.99,6.8,10097.362
1993-11-01,NA,146.0,3.02,6.6,NA
1993-12-01,NA,146.3,2.96,6.5,NA
1994-01-01,NA,146.3,3.05,6.6,10195.338
1994-02-01,NA,146.7,3.25,6.6,NA
1994-03-01,NA,147.1,3.34,6.5,NA
1994-04-01,NA,147.2,3.56,6.4,10333.495
1994-05-01,NA,147.5,4.01,6.1,NA
1994-06-01,NA,147.9,4.25,6.1,NA
1994-07-01,NA,148.4,4.26,6.1,10393.898
1994-08-01,NA,149.0,4.47,6.0,NA
1994-09-01,NA,149.3,4.73,5.9,NA
1994-10-01,NA,149.4,4.76,5.8,10512.962
1994-11-01,NA,149.8,5.29,5.6,NA
1994-12-01,NA,150.1,5.45,5.5,NA
1995-01-01,NA,150.5,5.53,5.6,10550.251
1995-02-01,NA,150.9,5.92,5.4,NA
1995-03-01,NA,151.2,5.98,5.4,NA
1995-04-01,NA,151.8,6.05,5.8,10581.723
1995-05-01,NA,152.1,6.01,5.6,NA
1995-06-01,NA,152.4,6.0,5.6,NA
1995-07-01,NA,152.6,5.85,5.7,10671.738
1995-08-01,NA,152.9,5.74,5.7,NA
1995-09-01,NA,153.1,5.8,5.6,NA
1995-10-01,NA,153.5,5.76,5.5,10744.203
1995-11-01,NA,153.7,5.8,5.6,NA
1995-12-01,NA,153.9,5.6,5.6,NA
1996-01-01,NA,154.7,5.56,5.6,10824.674
1996-02-01,NA,155.0,5.22,5.5,NA
1996-03-01,NA,155.5,5.31,5.5,NA
1996-04-01,NA,156.1,5.22,5.6,11005.217
1996-05-01,NA,156.4,5.24,5.6,NA
1996-06-01,NA,156.7,5.27,5.3,NA
1996-07-01,NA,157.0,5.4,5.5,11103.935
1996-08-01,NA,157.2,5.22,5.1,NA
1996-09-01,NA,157.7,5.3,5.2,NA
1996-10-01,NA,158.2,5.24,5.2,11219.238
1996-11-01,NA,158.7,5.31,5.4,NA
1996-12-01,NA,159.1,5.29,5.4,NA
1997-01-01,NA,159.4,5.25,5.3,11291.665
1997-02-01,NA,159.7,5.19,5.2,NA
1997-03-01,NA,159.8,5.39,5.2,NA
1997-04-01,NA,159.9,5.51,5.1,11479.33
1997-05-01,NA,159.9,5.5,4.9,NA
1997-06-01,NA,160.2,5.56,5.0,NA
1997-07-01,NA,160.4,5.52,4.9,11622.911
1997-08-01,NA,160.8,5.54,4.8,NA
1997-09-01,NA,161.2,5.54,4.9,NA
1997-10-01,NA,161.5,5.5,4.7,11722.722
1997-11-01,NA,161.7,5.52,4.6,NA
1997-12-01,NA,161.8,5.5,4.7,NA
1998-01-01,NA,162.0,5.56,4.6,11839.876
1998-02-01,NA,162.0,5.51,4.6,NA
1998-03-01,NA,162.0,5.49,4.7,NA
1998-04-01,NA,162.2,5.45,4.3,11949.492
1998-05-01,NA,162.6,5.49,4.4,NA
1998-06-01,NA,162.8,5.56,4.5,NA
1998-07-01,NA,163.2,5.54,4.5,12099.191
1998-08-01,NA,163.4,5.55,4.5,NA
1998-09-01,NA,163.5,5.51,4.6,NA
1998-10-01,NA,163.9,5.07,4.5,12294.737
1998-11-01,NA,164.1,4.83,4.4,NA
1998-12-01,NA,164.4,4.68,4.4,NA
1999-01-01,NA,164.7,4.63,4.3,12410.778
1999-02-01,NA,164.7,4.76,4.4,NA
1999-03-01,NA,164.8,4.81,4.2,NA
1999-04-01,NA,165.9,4.74,4.3,12514.408
1999-05-01,NA,166.0,4.74,4.2,NA
1999-06-01,NA,166.0,4.76,4.3,NA
1999-07-01,NA,166.7,4.99,4.3,12679.977
1999-08-01,NA,167.1,5.07,4.2,NA
1999-09-01,NA,167.8,5.22,4.2,NA
1999-10-01,NA,168.1,5.2,4.1,12888.281
1999-11-01,NA,168.4,5.42,4.1,NA
1999-12-01,NA,168.8,5.3,4.0,NA
2000-01-01,NA,169.3,5.45,4.0,12935.252
2000-02-01,NA,170.0,5.73,4.1,NA
2000-03-01,NA,171.0,5.85,4.0,NA
2000-04-01,NA,170.9,6.02,3.8,13170.749
2000-05-01,NA,171.2,6.27,4.0,NA
2000-06-01,NA,172.2,6.53,4.0,NA
2000-07-01,NA,172.7,6.54,4.0,13183.89
2000-08-01,NA,172.7,6.5,4.1,NA
2000-09-01,NA,173.6,6.52,3.9,NA
2000-10-01,NA,173.9,6.51,3.9,13262.25
2000-11-01,NA,174.2,6.51,3.9,NA
2000-12-01,NA,174.6,6.4,3.9,NA
2001-01-01,NA,175.6,5.98,4.2,13219.251
2001-02-01,NA,176.0,5.49,4.2,NA
2001-03-01,NA,176.1,5.31,4.3,NA
2001-04-01,NA,176.4,4.8,4.4,13301.394
2001-05-01,NA,177.3,4.21,4.3,NA
2001-06-01,NA,177.7,3.97,4.5,NA
2001-07-01,NA,177.4,3.77,4.6,13248.142
2001-08-01,NA,177.4,3.65,4.9,NA
2001-09-01,NA,178.1,3.07,5.0,NA
2001-10-01,NA,177.6,2.49,5.3,13284.881
2001-11-01,NA,177.5,2.09,5.5,NA
2001-12-01,NA,177.4,1.82,5.7,NA
2002-01-01,NA,177.7,1.73,5.7,13394.91
2002-02-01,NA,178.0,1.74,5.7,NA
2002-03-01,NA,178.5,1.73,5.7,NA
2002-04-01,NA,179.3,1.75,5.9,13477.356
2002-05-01,NA,179.5,1.75,5.8,NA
2002-06-01,NA,179.6,1.75,5.8,NA
2002-07-01,NA,180.0,1.73,5.8,13531.741
2002-08-01,NA,180.5,1.74,5.7,NA
2002-09-01,NA,180.8,1.75,5.7,NA
2002-10-01,NA,181.2,1.75,5.7,13549.421
2002-11-01,NA,181.5,1.34,5.9,NA
2002-12-01,NA,181.8,1.24,6.0,NA
2003-01-01,NA,182.6,1.24,5.8,13619.434
2003-02-01,NA,183.6,1.26,5.9,NA
2003-03-01,NA,183.9,1.25,5.9,NA
2003-04-01,NA,183.2,1.26,6.0,13741.107
2003-05-01,NA,182.9,1.26,6.1,NA
2003-06-01,NA,183.1,1.22,6.3,NA
2003-07-01,NA,183.7,1.01,6.2,13970.157
2003-08-01,NA,184.5,1.03,6.1,NA
2003-09-01,NA,185.1,1.01,6.1,NA
2003-10-01,NA,184.9,1.01,6.0,14131.379
2003-11-01,NA,185.0,1.0,5.8,NA
2003-12-01,NA,185.5,0.98,5.7,NA
2004-01-01,NA,186.3,1.0,5.7,14212.34
2004-02-01,NA,186.7,1.01,5.6,NA
2004-03-01,NA,187.1,1.0,5.8,NA
2004-04-01,NA,187.4,1.0,5.6,14323.017
2004-05-01,NA,188.2,1.0,5.6,NA
2004-06-01,NA,188.9,1.03,5.6,NA
2004-07-01,NA,189.1,1.26,5.5,14457.832
2004-08-01,NA,189.2,1.43,5.4,NA
2004-09-01,NA,189.8,1.61,5.4,NA
2004-10-01,NA,190.8,1.76,5.5,14605.595
2004-11-01,NA,191.7,1.93,5.4,NA
2004-12-01,NA,191.7,2.16,5.4,NA
2005-01-01,NA,191.6,2.28,5.3,14767.846
2005-02-01,NA,192.4,2.5,5.4,NA
2005-03-01,NA,193.1,2.63,5.2,NA
2005-04-01,NA,193.7,2.79,5.2,14839.707
2005-05-01,NA,193.6,3.0,5.1,NA
2005-06-01,NA,193.7,3.04,5.0,NA
2005-07-01,NA,194.9,3.26,5.0,14956.291
2005-08-01,NA,196.1,3.5,4.9,NA
2005-09-01,NA,198.8,3.62,5.0,NA
2005-10-01,NA,199.1,3.78,5.0,15041.232
2005-11-01,NA,198.1,4.0,5.0,NA
2005-12-01,NA,198.1,4.16,4.9,NA
2006-01-01,NA,199.3,4.29,4.7,15244.088
2006-02-01,NA,199.4,4.49,4.8,NA
2006-03-01,NA,199.7,4.59,4.7,NA
2006-04-01,NA,200.7,4.79,4.7,15281.525
2006-05-01,NA,201.3,4.94,4.6,NA
2006-06-01,NA,201.8,4.99,4.6,NA
2006-07-01,NA,202.9,5.24,4.7,15304.517
2006-08-01,NA,203.8,5.25,4.7,NA
2006-09-01,NA,202.8,5.25,4.5,NA
2006-10-01,NA,201.9,5.25,4.4,15433.643
2006-11-01,NA,202.0,5.25,4.5,NA
2006-12-01,NA,203.1,5.24,4.4,NA
2007-01-01,NA,203.437,5.25,4.6,15478.956
2007-02-01,NA,204.226,5.26,4.5,NA
2007-03-01,NA,205.288,5.26,4.4,NA
2007-04-01,NA,205.904,5.25,4.5,15577.779
2007-05-01,NA,206.755,5.25,4.4,NA
2007-06-01,NA,207.234,5.25,4.6,NA
2007-07-01,NA,207.603,5.26,4.7,15671.605
2007-08-01,NA,207.667,5.02,4.6,NA
2007-09-01,NA,208.547,4.94,4.7,NA
2007-10-01,NA,209.19,4.76,4.7,15767.146
2007-11-01,NA,210.834,4.49,4.7,NA
2007-12-01,NA,211.445,4.24,5.0,NA
2008-01-01,NA,212.174,3.94,5.0,15702.906
2008-02-01,NA,212.687,2.98,4.9,NA
2008-03-01,NA,213.448,2.61,5.1,NA
2008-04-01,NA,213.942,2.28,5.0,15792.773
2008-05-01,NA,215.208,1.98,5.4,NA
2008-06-01,NA,217.463,2.0,5.6,NA
2008-07-01,NA,219.016,2.01,5.8,15709.562
2008-08-01,NA,218.69,2.0,6.1,NA
2008-09-01,NA,218.877,1.81,6.1,NA
2008-10-01,NA,216.995,0.97,6.5,15366.607
2008-11-01,NA,213.153,0.39,6.8,NA
2008-12-01,NA,211.398,0.16,7.3,NA
2009-01-01,NA,211.933,0.15,7.8,15187.475
2009-02-01,NA,212.705,0.22,8.3,NA
2009-03-01,NA,212.495,0.18,8.7,NA
2009-04-01,NA,212.709,0.15,9.0,15161.772
2009-05-01,NA,213.022,0.18,9.4,NA
2009-06-01,NA,214.79,0.21,9.5,NA
2009-07-01,NA,214.726,0.16,9.5,15216.647
2009-08-01,NA,215.445,0.16,9.6,NA
2009-09-01,NA,215.861,0.15,9.8,NA
2009-10-01,NA,216.509,0.12,10.0,15379.155
2009-11-01,NA,217.234,0.12,9.9,NA
2009-12-01,NA,217.347,0.12,9.9,NA
2010-01-01,NA,217.488,0.11,9.8,15456.059
2010-02-01,NA,217.281,0.13,9.8,NA
2010-03-01,NA,217.353,0.16,9.9,NA
2010-04-01,NA,217.403,0.2,9.9,15605.628
2010-05-01,NA,217.29,0.2,9.6,NA
2010-06-01,NA,217.199,0.18,9.4,NA
2010-07-01,NA,217.605,0.18,9.4,15726.282
2010-08-01,NA,217.923,0.19,9.5,NA
2010-09-01,NA,218.275,0.19,9.5,NA
2010-10-01,NA,219.035,0.19,9.4,15807.995
2010-11-01,NA,219.59,0.19,9.8,NA
2010-12-01,NA,220.472,0.18,9.3,NA
2011-01-01,NA,221.187,0.17,9.1,15769.911
2011-02-01,NA,221.898,0.16,9.0,NA
2011-03-01,NA,223.046,0.14,9.0,NA
2011-04-01,NA,224.093,0.1,9.1,15876.839
2011-05-01,NA,224.806,9.0e-2,9.0,NA
2011-06-01,NA,224.806,9.0e-2,9.1,NA
2011-07-01,NA,225.395,7.0e-2,9.0,15870.684
2011-08-01,NA,226.106,0.1,9.0,NA
2011-09-01,NA,226.597,8.0e-2,9.0,NA
2011-10-01,NA,226.75,7.0e-2,8.8,16048.702
2011-11-01,NA,227.169,8.0e-2,8.6,NA
2011-12-01,NA,227.223,7.0e-2,8.5,NA
2012-01-01,NA,227.842,8.0e-2,8.3,16179.968
2012-02-01,NA,228.329,0.1,8.3,NA
2012-03-01,NA,228.807,0.13,8.2,NA
2012-04-01,NA,229.187,0.14,8.2,16253.726
2012-05-01,NA,228.713,0.16,8.2,NA
2012-06-01,NA,228.524,0.16,8.2,NA
2012-07-01,NA,228.59,0.16,8.2,16282.151
2012-08-01,NA,229.918,0.13,8.1,NA
2012-09-01,NA,231.015,0.14,7.8,NA
2012-10-01,NA,231.638,0.16,7.8,16300.035
2012-11-01,NA,231.249,0.16,7.7,NA
2012-12-01,NA,231.221,0.16,7.9,NA
2013-01-01,NA,231.679,0.14,8.0,16441.485
2013-02-01,NA,232.937,0.15,7.7,NA
2013-03-01,NA,232.282,0.14,7.5,NA
2013-04-01,NA,231.797,0.15,7.6,16464.402
2013-05-01,NA,231.893,0.11,7.5,NA
2013-06-01,NA,232.445,9.0e-2,7.5,NA
2013-07-01,NA,232.9,9.0e-2,7.3,16594.743
2013-08-01,NA,233.456,8.0e-2,7.2,NA
2013-09-01,NA,233.544,8.0e-2,7.2,NA
2013-10-01,NA,233.669,9.0e-2,7.2,16712.76
2013-11-01,NA,234.1,8.0e-2,6.9,NA
2013-12-01,NA,234.719,9.0e-2,6.7,NA
2014-01-01,NA,235.288,7.0e-2,6.6,16654.247
2014-02-01,NA,235.547,7.0e-2,6.7,NA
2014-03-01,NA,236.028,8.0e-2,6.7,NA
2014-04-01,NA,236.468,9.0e-2,6.2,16868.109
2014-05-01,NA,236.918,9.0e-2,6.3,NA
2014-06-01,NA,237.231,0.1,6.1,NA
2014-07-01,NA,237.498,9.0e-2,6.2,17064.616
2014-08-01,NA,237.46,9.0e-2,6.1,NA
2014-09-01,NA,237.477,9.0e-2,5.9,NA
2014-10-01,NA,237.43,9.0e-2,5.7,17141.235
2014-11-01,NA,236.983,9.0e-2,5.8,NA
2014-12-01,NA,236.252,0.12,5.6,NA
2015-01-01,NA,234.747,0.11,5.7,17280.647
2015-02-01,NA,235.342,0.11,5.5,NA
2015-03-01,NA,235.976,0.11,5.4,NA
2015-04-01,NA,236.222,0.12,5.4,17380.875
2015-05-01,NA,237.001,0.12,5.6,NA
2015-06-01,NA,237.657,0.13,5.3,NA
2015-07-01,NA,238.034,0.13,5.2,17437.08
2015-08-01,NA,238.033,0.14,5.1,NA
2015-09-01,NA,237.498,0.14,5.0,NA
2015-10-01,NA,237.733,0.12,5.0,17462.579
2015-11-01,NA,238.017,0.12,5.1,NA
2015-12-01,NA,237.761,0.24,5.0,NA
2016-01-01,NA,237.652,0.34,4.8,17565.465
2016-02-01,NA,237.336,0.38,4.9,NA
2016-03-01,NA,238.08,0.36,5.0,NA
2016-04-01,NA,238.992,0.37,5.1,17618.581
2016-05-01,NA,239.557,0.37,4.8,NA
2016-06-01,NA,240.222,0.38,4.9,NA
2016-07-01,NA,240.101,0.39,4.8,17724.489
2016-08-01,NA,240.545,0.4,4.9,NA
2016-09-01,NA,241.176,0.4,5.0,NA
2016-10-01,NA,241.741,0.4,4.9,17812.56
2016-11-01,NA,242.026,0.41,4.7,NA
2016-12-01,NA,242.637,0.54,4.7,NA
2017-01-01,NA,243.62,0.65,4.7,17896.623
2017-02-01,NA,243.872,0.66,4.6,NA
2017-03-01,NA,243.766,0.79,4.4,NA
2017-04-01,NA,244.274,0.9,4.4,17996.802
2017-05-01,NA,244.069,0.91,4.4,NA
2017-06-01,NA,244.218,1.04,4.3,NA
2017-07-01,NA,244.28,1.15,4.3,18126.226
2017-08-01,NA,245.205,1.16,4.4,NA
2017-09-01,NA,246.551,1.15,4.3,NA
2017-10-01,NA,246.657,1.15,4.2,18296.685
2017-11-01,NA,247.378,1.16,4.2,NA
2017-12-01,NA,247.736,1.3,4.1,NA
2018-01-01,NA,248.721,1.41,4.0,18436.262
2018-02-01,NA,249.3,1.42,4.1,NA
2018-03-01,NA,249.517,1.51,4.0,NA
2018-04-01,NA,250.275,1.69,4.0,18590.004
2018-05-01,NA,250.786,1.7,3.8,NA
2018-06-01,NA,251.152,1.82,4.0,NA
2018-07-01,NA,251.345,1.91,3.8,18679.599
2018-08-01,NA,251.735,1.91,3.8,NA
2018-09-01,NA,252.183,1.95,3.7,NA
2018-10-01,NA,252.899,2.19,3.8,18721.281
2018-11-01,NA,252.822,2.2,3.8,NA
2018-12-01,NA,252.493,2.27,3.9,NA
2019-01-01,NA,252.441,2.4,4.0,18833.195
2019-02-01,NA,252.969,2.4,3.8,NA
2019-03-01,NA,254.147,2.41,3.8,NA
2019-04-01,NA,255.326,2.42,3.6,18982.528
2019-05-01,NA,255.371,2.39,3.6,NA
2019-06-01,NA,255.423,2.38,3.6,NA
2019-07-01,NA,255.925,2.4,3.7,19112.653
2019-08-01,NA,256.118,2.13,3.7,NA
2019-09-01,NA,256.532,2.04,3.5,NA
2019-10-01,NA,257.387,1.83,3.6,19202.31
2019-11-01,NA,257.989,1.55,3.6,NA
2019-12-01,NA,258.203,1.55,3.6,NA
2020-01-01,NA,258.687,1.55,3.5,18951.992
2020-02-01,NA,258.824,1.58,3.5,NA
2020-03-01,NA,257.989,0.65,4.4,NA
2020-04-01,NA,256.192,5.0e-2,14.7,17258.205
2020-05-01,NA,255.942,5.0e-2,13.2,NA
2020-06-01,NA,257.282,8.0e-2,11.0,NA
2020-07-01,NA,258.604,9.0e-2,10.2,18560.774
2020-08-01,NA,259.511,0.1,8.4,NA
2020-09-01,NA,260.149,9.0e-2,7.9,NA
2020-10-01,NA,260.462,9.0e-2,6.9,18767.778
2020-11-01,NA,260.927,9.0e-2,6.7,NA
2020-12-01,436.46999740600586,261.56,9.0e-2,6.7,NA
2021-01-01,445.1499938964844,262.231,9.0e-2,6.4,19055.655
2021-02-01,480.8600044250488,263.161,8.0e-2,6.2,NA
2021-03-01,484.6100025177002,264.793,7.0e-2,6.0,NA
2021-04-01,502.8199977874756,266.832,7.0e-2,6.0,19368.31
2021-05-01,493.4300060272217,268.551,6.0e-2,5.8,NA
2021-06-01,521.6099967956543,270.981,8.0e-2,5.9,NA
2021-07-01,516.2799949645996,272.265,0.1,5.4,19478.893
2021-08-01,566.8800020217896,273.012,9.0e-2,5.2,NA
2021-09-01,527.6800022125244,274.138,8.0e-2,4.7,NA
2021-10-01,538.720009803772,276.724,8.0e-2,4.6,19805.962
2021-11-01,507.82998514175415,278.88,8.0e-2,4.2,NA
2021-12-01,519.4519879817963,280.192,8.0e-2,3.9,NA
2022-01-01,459.74599277973175,NA,NA,NA,NA
2022-01-31,NA,NA,NA,NA,NA
