cpi
0.004436380185602209
0.00553876019595037
0.004516936537937334
0.0043470224431886514
0.004405421392491113
0.004072464911766215
0.0039770465155671625
0.0039242567702924116
0.003784820627676473
0.003715762751990055
0.003659655647117169
0.003592852525145651
0.0035484710282307373
0.0035099732832419126
0.0034729952013756054
0.003444732472783568
0.0034203613287312907
0.0033988196835084573
0.003381282192976776
0.0033662391747778103
0.0033533018762151533
0.003342507012301289
0.0033333003677682494
0.0033254569730150458
0.0033188446744509435
0.0033132207626708644
0.0033084442888070623
0.003304402165762091
0.0033009693180997787
0.003298056395967416
0.00329558758488939
0.0032934922940311027
0.0032917148245189005
0.003290207528910734
0.0032889286601987776
0.0032878438363984183
0.003286923715818633
0.003286143136818837
0.0032854810024701936
0.003284919355810459
0.0032844429111413887
0.0032840387606344096
0.0032836959365205873
0.0032834051252405654
0.003283158439933555
0.003282949185185602
0.0032827716798106096
0.003282621107726955
0.003282493382186562
0.0032823850362887447
0.0032822931298585314
0.0032822151684668245
0.0032821490361479946
0.00328209293814455
0.003282045351924873
0.003282004985976421
0.0032819707447809565
0.003281941699020616
0.003281917060386524
0.00328189616018708
0.003281878431185976
0.003281863392215146
0.0032818506351157723
0.003281839813657845
0.0032818306341453976
0.0032818228474453676
0.003281816242225471
0.003281810639219094
0.0032818058863598883
0.0032818018546545416
0.0032817984346819955
0.003281795533623715
0.003281793072744555
0.003281790985255903
0.0032817892145030197
0.0032817877124274165
0.003281786438262546
0.0032817853574273925
0.003281784440587933
0.0032817836628610156
0.003281783003139018
0.003281782443516991
0.0032817819688067133
0.0032817815661244794
0.003281781224541436
0.00328178093478697
0.003281780688997104
0.003281780480501066
0.0032817803036402425
0.0032817801536146065
0.00328178002635244
0.0032817799183998304
0.003281779826826928
0.00328177974914843
0.0032817796832561325
0.0032817796273617084
0.0032817795799481757
0.0032817795397287234
0.0032817795056117893
0.003281779476671437
0.0032817794521222193
0.003281779431297867
0.0032817794136332057
0.0032817793986488126
0.0032817793859380097
0.0032817793751558234
0.0032817793660096235
0.0032817793582511825
0.003281779351669933
0.0032817793460872603
0.0032817793413516495
0.003281779337334575
0.003281779333927014
0.003281779331036484
0.0032817793285845353
0.003281779326504622
0.0032817793247402953
0.003281779323243671
0.0032817793219741304
0.0032817793208972175
